Best trial:
  Value: 0.3167701799583092
  Params:
    rel_pow: 0.1400087232874154
    corr: 0.616388326747514
    rms: 1.0016555781141587